2009-01	9.090909	40.909092	9.090909	40.909092
2009-02	10.0	25.0	40.0	25.0
2009-03	22.727274	18.181818	40.909092	18.181818
2009-04	22.727274	50.0	22.727274	4.5454545
2009-05	19.047619	33.333336	33.333336	14.285715
2009-06	4.5454545	40.909092	40.909092	13.636364
2009-07	21.73913	47.826088	21.73913	8.695652
2009-08	4.7619047	47.61905	38.095238	9.523809
2009-09	22.727274	31.818182	36.363636	9.090909
2009-10	4.5454545	45.454548	27.272728	22.727274
2009-11	14.285715	42.857143	33.333336	9.523809
2009-12	0.0	50.0	40.909092	9.090909

Duration : 54sec : 96ms